PATHB-FORWARD-LOGITS v1 model=SmolLM2-135M layers=1 vocab=256 F=24 scale=16777216 L=6 argmax=32
166679942
-126881227
-125227136
-124505333
-114955553
-125819445
-322978429
-125821467
-125834471
-125819445
-125832039
-125821300
-125821408
-125817273
-125829939
-125815895
-125816015
237463388
198897308
14748995
45582971
179473150
81512049
157759004
201983485
205940694
179991138
191009830
316356714
314458853
256944490
313280712
351819370
209776673
223706497
200584765
154300411
180117493
163215814
141577677
147678369
176856292
207791180
211263660
21526529
125041940
41109853
213264533
27021386
6499071
68726776
77763229
79542480
41128498
102929387
137610739
94464
9066276
36065502
104048087
76641681
26916668
76511132
4918668
84364952
4876323
41998643
142357750
84445363
100860186
72771170
11535790
-18975487
-7878456
-51848363
91387181
105646691
102980209
120548768
129723603
57815705
88695724
75663456
40927872
26532923
51808091
154431153
144964190
32970824
74036022
79500206
53115404
74537771
11815252
94521961
50932816
60245144
-17887679
-26094960
272551800
9269886
185325515
34755263
-20940124
96023873
62282185
29945894
-16090660
78318724
1858158
-17787744
22096426
53852005
-5037578
104449434
169828849
67800461
45981550
-107780719
37923889
-77283963
-35114104
18314401
-76611280
-22099398
-55104370
-17662709
-50959855
68558963
39108711
-12140553
137503126
114045413
-120775339
24840731
-80945880
-86689349
-27136
75564905
142348629
143801562
45437225
-18250669
-16705971
1102829
-55106244
-34931842
-81766919
2892892
-83193496
-26753187
3417981
-127446793
-48064658
-159596539
-20432740
-10085390
-137129031
-238591756
-284643760
-108339711
-77441983
-23331244
-51849659
-63094383
-11349495
-72849871
-110969035
-92771973
-112374931
-213706562
-78442415
38962033
21010732
-80029451
-191212729
88642001
74225109
47871115
44106182
16488009
36320735
96060382
60710422
61216359
-137018150
9071870
-83648959
-59807349
-220203081
-125816876
-155063495
-182152962
-183188678
-178247982
-226221192
-162493578
119224956
210728636
-131523070
-21807020
-57372072
-101416100
-88953411
-252509677
-108869210
-164109930
-154449171
-81336648
-75143514
-169305416
-78013650
-88659852
-179722105
-102218830
-126392080
99736817
-117735995
1732275
114110830
42138445
112391192
-49988538
77682356
-24817175
85328131
-13866682
-52455160
103547570
114626581
91626745
94176974
24493784
-15625742
204742
-156929539
38087431
62662399
-79797846
133298686
65603181
81665202
100098654
98606176
3186172
-49276211
46845175
51541438
19651811
36485258
-46586591
-10578107
78758520
158989923
86448835
25101329
